Increasing_precision,Increasing_recall,Increasing_f1-score,Increasing_support,Decreasing_precision,Decreasing_recall,Decreasing_f1-score,Decreasing_support,Neutral_precision,Neutral_recall,Neutral_f1-score,Neutral_support,accuracy,macro avg_precision,macro avg_recall,macro avg_f1-score,macro avg_support,weighted avg_precision,weighted avg_recall,weighted avg_f1-score,weighted avg_support,loss
0.39488387748232917,0.9913807672807166,0.5647987675717311,5917,0.35911602209944754,0.010112009956440573,0.019670146769556664,6428,0.0,0.0,0.0,2691,0.3944533120510774,0.2513332998605922,0.33383092574571904,0.19482297144709593,15036,0.308920304144599,0.3944533120510774,0.23066999276114944,15036,1.046941511713444
0.39965083290899833,0.9285110697988845,0.5587876322213181,5917,0.34988363072148954,0.07016179215930304,0.11688479979266553,6428,0.0,0.0,0.0,2691,0.3953844107475392,0.24984482121016263,0.33289095398606255,0.2252241440046612,15036,0.3068492921388852,0.3953844107475392,0.26986445284123395,15036,1.0472860761145328
0.39631901840490796,0.9825925299983099,0.564822460776218,5917,0.0,0.0,0.0,6428,0.4180327868852459,0.056856187290969896,0.1000981354268891,2691,0.3968475658419793,0.27145060176338465,0.3464829057630933,0.22164019873436902,15036,0.23077586202514214,0.3968475658419793,0.24018479534760845,15036,1.0458500962942205
0.3735593220338983,0.09312151428088558,0.1490800865800866,5917,0.43959650948683054,0.8542314872433105,0.580474655108621,6428,0.3317757009345794,0.1319212188777406,0.18877957989896305,2691,0.4254455972333067,0.3816438441517694,0.35975807346731226,0.30611144052922357,15036,0.39431266844046803,0.4254455972333067,0.3406094576244146,15036,1.0460364521183867
0.3995138342746836,0.9443974987324658,0.5614951768488746,5917,0.0,0.0,0.0,6428,0.34509056244041947,0.1345224823485693,0.19358288770053475,2691,0.3957169459962756,0.248201465571701,0.35963999369367833,0.25169268818313645,15036,0.21897858878228726,0.3957169459962756,0.2556064453456325,15036,1.0470632839710154
0.3998539079620161,0.9251309785364205,0.5583720099964299,5917,0.0,0.0,0.0,6428,0.32169390787518576,0.16090672612411744,0.21451572950210554,2691,0.39285714285714285,0.24051593861240061,0.3620125682201793,0.2576292464995118,15036,0.21492510504810947,0.39285714285714285,0.2581237703670552,15036,1.0474054997905773
0.39902796365429316,0.9574108500929525,0.5632892512677736,5917,0.0,0.0,0.0,6428,0.3528009535160906,0.10999628390932739,0.16770538243626062,2691,0.39644852354349563,0.2506096390567946,0.35580237800076,0.24366487790134475,15036,0.22016732022175128,0.39644852354349563,0.25168114417979476,15036,1.046130040573313
0.39869281045751637,0.9381443298969072,0.5595766129032258,5917,0.0,0.0,0.0,6428,0.29829290206648695,0.12337421033073206,0.17455310199789698,2691,0.3912609736632083,0.23232857084133443,0.3538395134092131,0.24470990496704093,15036,0.21028009835980582,0.3912609736632083,0.2514456781075238,15036,1.0492727127481014
0.39637466400165416,0.9719452425215481,0.5631058454910408,5917,0.0,0.0,0.0,6428,0.3719165085388994,0.07283537718320326,0.12181479179614667,2691,0.3955174248470338,0.25609705751351786,0.34826020656825046,0.22830687909572914,15036,0.22254430775312356,0.3955174248470338,0.24339590931723326,15036,1.0461214690766436
0.39823846265831997,0.9246239648470509,0.5567031289748156,5917,0.0,0.0,0.0,6428,0.2842835130970724,0.13712374581939799,0.18500877412885436,2691,0.3884011705240756,0.22750732525179748,0.3539159035554829,0.24723730103455663,15036,0.2075940354677774,0.3884011705240756,0.25218615491651575,15036,1.051127008491374
0.39609838846480067,0.07892513097853641,0.13162344983089064,5917,0.4349768875192604,0.8783447417548227,0.5818219291014015,6428,0.3272519954389966,0.10665180230397622,0.1608744394618834,2691,0.42564511838254854,0.38610909047435255,0.3546405583457784,0.2914399394647252,15036,0.40039775985942877,0.42564511838254854,0.32932165665769597,15036,1.0475745469965834
0.3834745762711864,0.09176947777589994,0.14809764080185464,5917,0.43629817527207265,0.8294959551960174,0.571826907608987,6428,0.2694781987133667,0.14009661835748793,0.1843520782396088,2691,0.4158020750199521,0.36308365008554194,0.3537873504431351,0.30142554221681683,15036,0.3856550659206679,0.4158020750199521,0.3357334760094393,15036,1.052837814485773
0.3794567062818336,0.07554503971607233,0.12600422832980973,5917,0.4339969372128637,0.8817672682016179,0.5816912972085385,6428,0.3082706766917293,0.09141583054626533,0.1410146173688736,2691,0.4230513434424049,0.37390810672880886,0.3495760461546518,0.28290338096907397,15036,0.3900328567738322,0.4230513434424049,0.32350020037400967,15036,1.049291738772646
0.3905841325196164,0.07571404427919554,0.12684031710079274,5917,0.435804282291103,0.8771001866832607,0.5822876323263619,6428,0.3004201680672269,0.10628019323671498,0.15701345045292342,2691,0.4237829209896249,0.37560286095931544,0.3530314747330571,0.28871379996002605,15036,0.39377939019384733,0.4237829209896249,0.32694747619367265,15036,1.0500979544634514
0.398884239888424,0.04833530505323644,0.08622249020198976,5917,0.43407286488090824,0.9100808960796515,0.5877920120572719,6428,0.29453681710213775,0.09215904868078781,0.14039060288706479,2691,0.4245810055865922,0.37583130729049,0.3501917499378919,0.27146836838210886,15036,0.3952525271146672,0.4245810055865922,0.3103416227985108,15036,1.0496885808858465
0.3958241435083076,0.909920567855332,0.5516676059224346,5917,0.0,0.0,0.0,6428,0.2629009762900976,0.14009661835748793,0.1827878787878788,2691,0.38314711359404097,0.21957503993280172,0.35000572873760666,0.2448184949034378,15036,0.2028171045713826,0.38314711359404097,0.2498070900546174,15036,1.0568967930497006
