Increasing_precision,Increasing_recall,Increasing_f1-score,Increasing_support,Decreasing_precision,Decreasing_recall,Decreasing_f1-score,Decreasing_support,Neutral_precision,Neutral_recall,Neutral_f1-score,Neutral_support,accuracy,macro avg_precision,macro avg_recall,macro avg_f1-score,macro avg_support,weighted avg_precision,weighted avg_recall,weighted avg_f1-score,weighted avg_support,loss
0.3381849315068493,0.4114583333333333,0.3712406015037594,4800,0.3927552766685682,0.26183685111237875,0.3142042213348545,5259,0.4579964850615114,0.5236085995579667,0.4886097309459079,4977,0.3962490023942538,0.39631223107897634,0.3989679280012262,0.3913515179281739,15036,0.3969297803527546,0.3962490023942538,0.39014136194039833,15036,1.080737799215824
0.33752129471890974,0.3302083333333333,0.3338247683235046,4800,0.4074786324786325,0.36261646700893707,0.38374081899587487,5259,0.45671378091872794,0.5193891902752662,0.48603929679420893,4977,0.4041633413141793,0.4005712360387568,0.40407133020584557,0.4012016280378628,15036,0.40144299218465046,0.4041633413141793,0.40166729417377667,15036,1.0799805292423734
0.3582089552238806,0.105,0.1623972933784437,4800,0.40581685980458987,0.6792165810990682,0.5080719721214707,5259,0.4847731510254817,0.4701627486437613,0.4773561811505508,4977,0.4267092311785049,0.4162663220179841,0.4181264432476099,0.3826084822168217,15036,0.4167537791594033,0.4267092311785049,0.3875538190469297,15036,1.0693619475085685
0.3568423161691044,0.37104166666666666,0.363803493003779,4800,0.43715624363414135,0.4080623692717247,0.4221085759244689,5259,0.4686526479750779,0.48362467349809124,0.47602096311678044,4977,0.4212556530992285,0.4208837359261079,0.4209095698121608,0.42064434401500944,15036,0.42194280605584017,0.4212556530992285,0.42134092183008365,15036,1.0708466323766304
0.3684570646595963,0.224375,0.2789071604298847,4800,0.43368765331152903,0.5042783799201369,0.4663267100404431,5259,0.4523174391463821,0.5451074944745831,0.4943963553530752,4977,0.42843841447193404,0.4181540523725025,0.4245869581315733,0.4132100752744677,15036,0.41903040527819485,0.42843841447193404,0.41578725716669274,15036,1.0705354666139217
0.349235757295044,0.15708333333333332,0.21669780140824832,4800,0.41409691629955947,0.5898459783228751,0.4865882352941176,5259,0.47177868548087637,0.510548523206751,0.4903985332432694,4977,0.4254455972333067,0.4117037863584933,0.41915927828765315,0.3978948566485451,15036,0.4124840273659163,0.4254455972333067,0.4016913059406164,15036,1.0688226178605507
0.373015873015873,0.41125,0.3912009512485137,4800,0.46005724694249284,0.3361855866134246,0.3884860470226324,5259,0.4609388239281478,0.5465139642354833,0.5000919286633573,4977,0.4297685554668795,0.4313373146288379,0.43131651694963596,0.4265929756448344,15036,0.43256250191787393,0.4297685554668795,0.4262949066402247,15036,1.0690672651884403
0.35948698604300267,0.39708333333333334,0.3773510196000792,4800,0.42797947908445144,0.41243582430119796,0.420063910138472,5259,0.4766395199314188,0.4468555354631304,0.4612672404853262,4977,0.418927906358074,0.421368661686291,0.4187915643658872,0.4195607234079592,15036,0.42222110296689375,0.418927906358074,0.42006704265722755,15036,1.0777205337235267
0.35338452787258245,0.5177083333333333,0.4200473292765382,4800,0.430751837196156,0.28978893325727323,0.34648175514379903,5259,0.4838781907747425,0.4341973076150291,0.45769352959864446,4977,0.4103484969406757,0.42267151861449365,0.4138981914018786,0.4080742046729939,15036,0.42363869387396075,0.4103484969406757,0.40677809441613966,15036,1.086527304256216
0.36657120541525645,0.29333333333333333,0.3258882073834047,4800,0.41796516956920254,0.5202509982886481,0.4635324015247776,5259,0.48225424822542484,0.45047217199115935,0.46582173280698114,4977,0.42471401968608674,0.4222635410699613,0.42135216787104696,0.4184141139050545,15036,0.422838521293935,0.42471401968608674,0.4203494984862658,15036,1.0781500510078796
0.37298387096774194,0.30833333333333335,0.33759124087591236,4800,0.4300390384220259,0.39798440768206883,0.4133912699980249,5259,0.45024995968392195,0.560980510347599,0.49955269278940784,4977,0.423317371641394,0.41775762302456326,0.42243275045433376,0.4168450678877817,15036,0.41851502614082703,0.423317371641394,0.4177132480138916,15036,1.0794343068878702
0.3561249836579945,0.5675,0.43762551208932443,4800,0.4563986409966025,0.22989161437535655,0.3057663125948407,5259,0.4784719290840017,0.4554952782800884,0.46670097786927434,4977,0.4123437084330939,0.43033185124619955,0.4176289642184816,0.4033642675178131,15036,0.43169427810658306,0.4123437084330939,0.40113050431101377,15036,1.0920734388714142
0.3546245758961499,0.5008333333333334,0.4152344762069264,4800,0.4308113489298158,0.3291500285225328,0.3731809852322949,5259,0.49728709601321064,0.4235483222824995,0.45746527777777773,4977,0.4152035115722267,0.42757434027972546,0.41784389471278854,0.41529357973899966,15036,0.42849379656698394,0.4152035115722267,0.4145044542850416,15036,1.0817658985865877
0.3512119649303765,0.425625,0.3848544786662899,4800,0.42889348111966935,0.43411294922989163,0.43148743148743146,5259,0.5017967145790554,0.3928069117942536,0.44066268454863067,4977,0.41773077946262305,0.4273007202097004,0.4175149536747151,0.4190015315674507,15036,0.4282262900594644,0.41773077946262305,0.41963767496602344,15036,1.0839679470721713
0.35300462249614795,0.47729166666666667,0.40584588131089466,4800,0.44256434699714015,0.35310895607529946,0.3928080380750925,5259,0.4910344827586207,0.42917420132610007,0.45802508845287876,4977,0.41793030061186487,0.4288678174173029,0.4198582746893554,0.4188930026129553,15036,0.4300177380639216,0.41793030061186487,0.4185573668368704,15036,1.0840375226228796
0.3527713625866051,0.381875,0.36674669867947174,4800,0.41478129713423834,0.4183304810800532,0.4165483290731799,5259,0.4869929453262787,0.44384167168977295,0.4644171134237359,4977,0.41513700452247937,0.41818186834904064,0.41468238425660875,0.4159040470587958,15036,0.41888808665426663,0.41513700452247937,0.4164947984681598,15036,1.0880590378604036
