Increasing_precision,Increasing_recall,Increasing_f1-score,Increasing_support,Decreasing_precision,Decreasing_recall,Decreasing_f1-score,Decreasing_support,Neutral_precision,Neutral_recall,Neutral_f1-score,Neutral_support,accuracy,macro avg_precision,macro avg_recall,macro avg_f1-score,macro avg_support,weighted avg_precision,weighted avg_recall,weighted avg_f1-score,weighted avg_support,loss
0.4114334470989761,0.3110165118679051,0.3542462533059066,7752,0.4210789627282582,0.6620346093340325,0.5147545996636257,7628,0.37103851779619695,0.16821396993810786,0.23148288973384032,4524,0.41308279742765275,0.40118364254114375,0.3804216970466818,0.36682791423445754,19904,0.40594858642043863,0.41308279742765275,0.3878563924345568,19904,1.0583395297935538
0.430152432658175,0.5314757481940144,0.47547605308713214,7752,0.45668299510146954,0.4277661248033561,0.44175184458133077,7628,0.3762967620245206,0.2645888594164456,0.31070733290071384,4524,0.43106913183279744,0.4210440632613884,0.4079435774712721,0.4093117435230589,19904,0.4280790844051001,0.43106913183279744,0.4251011559505963,19904,1.0510351847366122
0.4268292682926829,0.6817595459236326,0.5249826164696533,7752,0.5192929510670403,0.31581017304667014,0.39276106627537294,7628,0.38605619146722164,0.2460212201591512,0.30052652895909276,4524,0.44247387459807075,0.44405947027564824,0.4145303130431513,0.4060900705680397,19904,0.45299765518197205,0.44247387459807075,0.42329324122951334,19904,1.0469593356612028
0.46380416284854037,0.4570433436532508,0.4603989344422065,7752,0.45141097998973834,0.5766911379129522,0.50641800495021,7628,0.40595238095238095,0.22612732095490717,0.29045996592844975,4524,0.45041197749196143,0.4403891745968866,0.41995393417370347,0.4190923017736221,19904,0.4459054158557164,0.45041197749196143,0.4394096647616807,19904,1.0481984293345854
0.4525959367945824,0.5690144478844169,0.5041719053606126,7752,0.47223894977718894,0.5140272679601469,0.4922478187182223,7628,0.4307277628032345,0.1766136162687887,0.2505094842451795,4524,0.45875200964630225,0.45185421645833523,0.4198851107044508,0.41564306944133816,19904,0.45515347718317084,0.45875200964630225,0.4419469392214259,19904,1.0435053897823934
0.4503335465594444,0.6357069143446853,0.5271997860390479,7752,0.5094276094276095,0.39669638175144206,0.4460495283018868,7628,0.39986759351208206,0.26702033598585323,0.3202120609675282,4524,0.4603094855305466,0.45320958316637866,0.43314121069399353,0.43115379176948765,19904,0.4615102718393929,0.4603094855305466,0.4490533514408455,19904,1.0429390068510338
0.45949074074074076,0.5633384932920537,0.5061427909133055,7752,0.4745842670126194,0.5275301520713161,0.49965853355683865,7628,0.42894325871941696,0.18213969938107868,0.2557020946470132,4524,0.46297226688102894,0.4543394221575923,0.42433611491481615,0.42050113970571906,19904,0.45833200931677687,0.46297226688102894,0.4467348515531851,19904,1.0464859925138605
0.45576793775814045,0.6121001031991744,0.5224907779551836,7752,0.4973429622564382,0.4785002621919245,0.48773969399345224,7628,0.4206128133704735,0.2002652519893899,0.2713387241689128,4524,0.4672930064308682,0.45790790446168406,0.43028853912682963,0.42718973203918287,19904,0.46371068816726474,0.4672930064308682,0.452088187531692,19904,1.0473354892667466
0.4622171476022421,0.5744324045407637,0.5122512366271713,7752,0.48097339854467375,0.5285789197692711,0.5036537380550872,7628,0.4255431902490726,0.17749778956675508,0.25050694119482136,4524,0.46663987138263663,0.4562445787986628,0.4268363712922633,0.4221373052923599,19904,0.46106962444725463,0.46663987138263663,0.4494642133331696,19904,1.0465434556317865
0.46192586623690574,0.5915892672858617,0.5187782805429864,7752,0.48056234718826407,0.5153382275825904,0.49734311740890685,7628,0.43207126948775054,0.17152961980548187,0.24556962025316456,4524,0.466891077170418,0.4581864943043068,0.426152371557978,0.42056367273501927,19904,0.4622824217535749,0.466891077170418,0.4484656095453019,19904,1.0466133666575146
