Increasing_precision,Increasing_recall,Increasing_f1-score,Increasing_support,Decreasing_precision,Decreasing_recall,Decreasing_f1-score,Decreasing_support,Neutral_precision,Neutral_recall,Neutral_f1-score,Neutral_support,accuracy,macro avg_precision,macro avg_recall,macro avg_f1-score,macro avg_support,weighted avg_precision,weighted avg_recall,weighted avg_f1-score,weighted avg_support,loss
0.26514486391571557,0.06291666666666666,0.10170062300050511,4800,0.3917746195447114,0.5923179311656208,0.47161241483724453,5259,0.453414059872183,0.5416917821981113,0.4936372791357686,4977,0.40655759510508116,0.37011118111086994,0.3989754600101329,0.35565010565783944,15036,0.37175311565342684,0.40655759510508116,0.3608144066434034,15036,1.077980045720618
0.3551509186351706,0.4510416666666667,0.39739353891336276,4800,0.4436016638120871,0.34474234645369844,0.3879734645837792,5259,0.4805275087574696,0.468555354631304,0.47446592065106813,4977,0.41965948390529395,0.42642669706824243,0.421446455917223,0.41994430804940336,15036,0.4275878538522553,0.41965948390529395,0.41961015723002143,15036,1.0717836357177573
0.35834896810506567,0.07958333333333334,0.13024207296283669,4800,0.3987909109860329,0.7275147366419471,0.5151821180906213,5259,0.4977148080438757,0.4376130198915009,0.46573291991874266,4977,0.42471401968608674,0.41828489571165806,0.4149036966222604,0.37038570365740026,15036,0.4186248368857563,0.42471401968608674,0.37592826893427617,15036,1.0691371125426699
0.3712450797596851,0.37333333333333335,0.37228627817596344,4800,0.4419953596287703,0.43468339988590987,0.4383088869715272,5259,0.4762755608497121,0.48201727948563394,0.4791292190932694,4977,0.4307661612130886,0.42983866674605586,0.43001133756829235,0.4299081280802533,15036,0.43075641430454975,0.4307661612130886,0.4307439940978377,15036,1.064856881695859
0.3601184965747084,0.40520833333333334,0.38133516321929223,4800,0.4325694966190834,0.4379159536033466,0.4352263063403572,5259,0.5019717003015541,0.43480008036970064,0.46597760551248923,4977,0.4264432029795158,0.4315532311651153,0.4259747891021268,0.4275130250240462,15036,0.432413202891673,0.4264432029795158,0.42820128166614785,15036,1.0702526996427395
0.35063148680755285,0.5841666666666666,0.438227709619442,4800,0.4606164383561644,0.20460163529188058,0.28334430546412115,5259,0.47267701467148626,0.44665461121157324,0.45929752066115703,4977,0.4058925246076084,0.42797497994506783,0.4118076377233735,0.39362317858157336,15036,0.42949763820240155,0.4058925246076084,0.39102982634608363,15036,1.0891334185891963
0.36481882935893467,0.24541666666666667,0.29343629343629346,4800,0.41277746158224243,0.551625784369652,0.4722063970049646,5259,0.4825277254655786,0.4633313240908178,0.4727347273472735,4977,0.42464751263633943,0.4200413388022519,0.42012459170904554,0.4127924725961772,15036,0.4205551703262892,0.42464751263633943,0.41531181087727437,15036,1.0748031806438527
0.35267582530244,0.35833333333333334,0.3554820708897385,4800,0.41650132275132273,0.47898840083666094,0.4455646944370743,5259,0.5032838725370956,0.41571227647177017,0.4553257042253521,4977,0.41952646980579944,0.42415367353028616,0.4176780035472549,0.41879082318405497,15036,0.42485157298603643,0.41952646980579944,0.42003822148476294,15036,1.0854359995494498
0.3536357986326911,0.355625,0.35462760984730446,4800,0.41972957531898686,0.41909108195474426,0.41941008563273074,5259,0.47398144413069787,0.47217199115933295,0.4730749874182184,4977,0.41640063846767755,0.4157822726941253,0.4156293577046924,0.41570422763275117,15036,0.41658787692723814,0.41640063846767755,0.41649270949654604,15036,1.0932062581181525
0.34324682705057774,0.3775,0.35955948010715355,4800,0.41827936386280895,0.41509792736261647,0.4166825730101164,5259,0.4841339797267519,0.441430580671087,0.4617971623751971,4977,0.4118116520351157,0.41522005688004615,0.4113428360112345,0.412679738497489,15036,0.41612468485616716,0.4118116520351157,0.413380129895976,15036,1.092019755726165
0.3531613976705491,0.35375,0.3534554537885096,4800,0.42041673962528453,0.4565506750332763,0.43773928896991793,5259,0.4786362630064202,0.43439823186658627,0.45544554455445546,4977,0.41640063846767755,0.4174048001007513,0.4148996356332875,0.41554676243762767,15036,0.41821754612203776,0.41640063846767755,0.4166939062333845,15036,1.0963470283023855
0.3489504107088531,0.23895833333333333,0.2836651415852603,4800,0.4009807619766126,0.6063890473474044,0.48274296094459584,5259,0.4947312961011591,0.377335744424352,0.4281317679243133,4977,0.4132748071295557,0.4148874895955416,0.4075610417016966,0.39817995681805646,15036,0.4154028637491999,0.4132748071295557,0.40111397447301056,15036,1.0970624332415297
0.3578575632725132,0.38,0.36859654440739614,4800,0.41695926966292135,0.45160676934778476,0.433591967138293,5259,0.4888050907376856,0.41671689772955595,0.4498915401301518,4977,0.41719872306464484,0.42120730789104005,0.4161078890257803,0.4173600172252803,15036,0.4218733732021035,0.41719872306464484,0.418238478555703,15036,1.0961948438527735
0.35344032466334624,0.39916666666666667,0.3749143919381665,4800,0.41523878964637256,0.43316219813652784,0.42401116798510935,5259,0.4814725115039961,0.39943741209563993,0.43663518559191744,4977,0.411146581537643,0.4167172086045716,0.41058875896627817,0.41185358183839776,15036,0.41743436039436843,0.411146581537643,0.412516436048674,15036,1.1028317649947836
0.359815668202765,0.4066666666666667,0.3818092909535453,4800,0.428446961446308,0.37402548012930215,0.39939086294416243,5259,0.4643426294820717,0.46835443037974683,0.46633990197059116,4977,0.4156690609204576,0.4175350863770482,0.41634885905857194,0.41584668528943297,15036,0.41841919689755763,0.4156690609204576,0.41593873616041505,15036,1.0988750938088336
0.35206422018348627,0.38375,0.36722488038277507,4800,0.41365888181174804,0.444571211256893,0.428558335624599,5259,0.4833815028901734,0.40325497287522605,0.4396976667762077,4977,0.41147911678637933,0.41636820162846927,0.4105253947107063,0.4118269609278606,15036,0.4170743586201855,0.41147911678637933,0.4126658021037691,15036,1.1033115125399955
