Increasing_precision,Increasing_recall,Increasing_f1-score,Increasing_support,Decreasing_precision,Decreasing_recall,Decreasing_f1-score,Decreasing_support,Neutral_precision,Neutral_recall,Neutral_f1-score,Neutral_support,accuracy,macro avg_precision,macro avg_recall,macro avg_f1-score,macro avg_support,weighted avg_precision,weighted avg_recall,weighted avg_f1-score,weighted avg_support,loss
0.2929936305732484,0.08625,0.13326895219700627,4800,0.38500543281419775,0.6063890473474044,0.47097917589720867,5259,0.45786516853932585,0.4912597950572634,0.4739749927304449,4977,0.4022346368715084,0.37862141064225735,0.39463294746822264,0.3594077069415533,15036,0.3797491315337645,0.4022346368715084,0.36416227689601455,15036,1.0819457795708738
0.33940292187169174,0.33395833333333336,0.3366586159823585,4800,0.4068292682926829,0.31717056474614946,0.3564483384977027,5259,0.461934653146628,0.5766526019690577,0.5129579982126898,4977,0.4084197924980048,0.40272228110366753,0.4092605000161802,0.4020216508975836,15036,0.4035446871273016,0.4084197924980048,0.4019363611319032,15036,1.0745679304954854
0.3452294246176256,0.29625,0.31886982845610495,4800,0.4060906090609061,0.5147366419471382,0.4540041928721174,5259,0.5111738414490709,0.4366083986337151,0.4709579540528825,4977,0.4191274275073158,0.4208312917092008,0.4158650135269511,0.4146106584603683,15036,0.4214447964956061,0.4191274275073158,0.41647652063214724,15036,1.0697210697100517
0.35660714285714284,0.41604166666666664,0.3840384615384615,4800,0.44343800322061194,0.4189009317360715,0.4308203774322871,5259,0.5076096687555953,0.45569620253164556,0.48025410269984115,4977,0.4301675977653631,0.43588493827778335,0.43021293364479457,0.4317043138901966,15036,0.4369598341346157,0.4301675977653631,0.4322488460653181,15036,1.0649082105844578
0.3560912771439087,0.403125,0.37815126050420167,4800,0.418,0.3974139570260506,0.4074471196023004,5259,0.5115167318557149,0.47297568816556157,0.49149180499008244,4977,0.4242484703378558,0.42853600299987454,0.4245048817305374,0.4256967283655282,15036,0.4291912014323393,0.4242484703378558,0.4259141504285917,15036,1.065545397331106
0.36880990415335463,0.38479166666666664,0.37663132137030997,4800,0.43876882776686316,0.3822019395322305,0.4085365853658537,5259,0.48632274646594453,0.5322483423749247,0.508250191864927,4977,0.4326948656557595,0.4313004927953874,0.4330806495246073,0.4311393662003636,15036,0.4321761847780687,0.4326948656557595,0.4313571062734939,15036,1.0633556971841671
0.35680994303469704,0.28708333333333336,0.31817132302008777,4800,0.4134460547504026,0.5858528237307473,0.4847769648336087,5259,0.5271359484148307,0.39421338155515373,0.45108633176227153,4977,0.4270417664272413,0.4324639820666434,0.4223831795397448,0.4180115398719893,15036,0.43299788133543,0.4270417664272413,0.4204390184714814,15036,1.0719115208755148
0.35521828103683495,0.43395833333333333,0.39066016504126033,4800,0.4199475065616798,0.39551245483932307,0.4073638856247552,5259,0.5169471438729557,0.4382157926461724,0.47433666811657244,4977,0.42192072359670124,0.4307043104904902,0.4225621936062763,0.4241202395941959,15036,0.43139116926312726,0.42192072359670124,0.4241998579352766,15036,1.0717200640985307
0.35435639526981105,0.543125,0.4288887060952537,4800,0.4392857142857143,0.32743867655447806,0.37520427061771433,5259,0.5283320031923384,0.3990355635925256,0.4546703296703297,4977,0.41999201915403034,0.44065803758262123,0.42319974671566785,0.41958776879443266,15036,0.441648220844103,0.41999201915403034,0.4186458685291972,15036,1.0756218873122905
0.3602797657774886,0.46145833333333336,0.4046401169163317,4800,0.4403023983315954,0.32116371933827725,0.371412864211105,5259,0.4901029295328583,0.49748844685553545,0.49376807258949046,4977,0.4243149773876031,0.4302283645473141,0.426703499842382,0.4232736845723091,15036,0.4312407201943895,0.4243149773876031,0.42252038516643303,15036,1.0782599683771743
0.35800902425267905,0.5289583333333333,0.4270097544567776,4800,0.4404617253948967,0.27571781707548965,0.33914162086305694,5259,0.5055889939810834,0.47257383966244726,0.48852424966247787,4977,0.4217212024474594,0.43468658120955306,0.4257499966904234,0.4182252083274374,15036,0.4356975228324337,0.4217212024474594,0.41663858712965557,15036,1.080333796048418
0.35736716492902904,0.5927083333333333,0.4458898205469791,4800,0.43506493506493504,0.2675413576725613,0.33133168491699044,5259,0.5246029679770893,0.40486236688768334,0.4570197323656158,4977,0.4167996807661612,0.43901168932368445,0.42170401929785933,0.4114137459431951,15036,0.43989876674566414,0.4167996807661612,0.40950596419178126,15036,1.0836708111014772
0.35971486017181503,0.41,0.3832148768376984,4800,0.4214813411630991,0.42308423654687205,0.42228126779275005,5259,0.5121325244983668,0.44102873216797267,0.4739285328727194,4977,0.42484703378558125,0.4311095752777603,0.42470432290494825,0.42647489250105597,15036,0.4317694384430581,0.42484703378558125,0.4269054871142956,15036,1.0770651138209282
0.35604623080903913,0.43,0.38954421062564876,4800,0.428195260279522,0.4019775622741966,0.4146724205570812,5259,0.5113900511390052,0.4420333534257585,0.47418902899019294,4977,0.42418196328810853,0.43187718074252207,0.42467030523331833,0.42613522005764093,15036,0.43270078918676663,0.42418196328810853,0.4263509755252058,15036,1.0780742093286615
0.3604915794264907,0.33,0.3445725473134653,4800,0.4182720373613544,0.5449705267161057,0.47328874576830987,5259,0.5298153034300792,0.4034558971267832,0.4580814417702749,4977,0.4295025272678904,0.4361929734059748,0.42614214128096295,0.4253142449506833,15036,0.4367480041834279,0.4295025272678904,0.4271644770411568,15036,1.0797999736476451
0.35295751180227714,0.26479166666666665,0.3025830258302583,4800,0.42080876158382474,0.5698802053622362,0.48412890719651075,5259,0.5103176443310921,0.44223427767731566,0.47384284176533903,4977,0.4302341048151104,0.42802797257239805,0.4256353832354061,0.42018492493070275,15036,0.4287762868885415,0.4302341048151104,0.4227685734502382,15036,1.0786693695377796
