Increasing_precision,Increasing_recall,Increasing_f1-score,Increasing_support,Decreasing_precision,Decreasing_recall,Decreasing_f1-score,Decreasing_support,Neutral_precision,Neutral_recall,Neutral_f1-score,Neutral_support,accuracy,macro avg_precision,macro avg_recall,macro avg_f1-score,macro avg_support,weighted avg_precision,weighted avg_recall,weighted avg_f1-score,weighted avg_support,loss
0.3737441095403219,0.47944111776447107,0.4200454670363986,17535,0.4192158821326008,0.38534373924021575,0.4015667982298768,17426,0.3683298683298683,0.2612007535424687,0.30565006948770784,12209,0.38819164723341104,0.3870966200009303,0.3753285368490518,0.37575411158466104,47170,0.38914136708228975,0.38819164723341104,0.38360996372297024,47170,1.0762680886518314
0.372283739905087,0.5100085543199315,0.43039680438915223,17535,0.4231577645895153,0.3928038563066682,0.407416225224689,17426,0.3960126219162364,0.22614464739126874,0.2878890568792034,12209,0.3932372270510918,0.39715137547027957,0.3763190193392895,0.3752340288310149,47170,0.3972198576626654,0.3932372270510918,0.38502184865735445,47170,1.073983201520492
0.3832373190951244,0.6221842030225264,0.47431689237658414,17535,0.44524459895704,0.20578446000229542,0.2814756671899529,17426,0.3789444027047333,0.3304938979441396,0.3530647066544166,12209,0.3928556285774857,0.4024754402522992,0.3861541869896538,0.3696190887403179,47170,0.4050335167347991,0.3928556285774857,0.37169193741401946,47170,1.072926199201691
0.36854700854700856,0.3073852295409182,0.3351990049751244,17535,0.4101043244152785,0.5594513944680363,0.47327540171853005,17426,0.3882366351305141,0.27897452698828734,0.3246592317224287,12209,0.39315242739029044,0.38896265603093366,0.38193705033241393,0.377711212805361,47170,0.38899577762223625,0.39315242739029044,0.3834805228468315,47170,1.0728778676884
0.3788836953533132,0.3929284288565726,0.38577827547592386,17535,0.4172680280464712,0.4678641110983588,0.4411199783579061,17426,0.38217234808384504,0.2956835121631583,0.33341029785268994,12209,0.3954420182319271,0.3927746904945431,0.38549201737269656,0.38676951722883995,47170,0.3939152099324532,0.3954420182319271,0.39266875407713986,47170,1.0739242269949567
0.3801409807799584,0.42748788138009697,0.40242658506469103,17535,0.41686493664582525,0.43234247675886606,0.4244626609200259,17426,0.38664960545958627,0.2969940208043247,0.3359429286144439,12209,0.3955056179775281,0.39455184096179,0.38560812631442926,0.3876107248663869,47170,0.395392527390774,0.3955056179775281,0.39335941729394686,47170,1.0734419406157782
0.386069455406472,0.557912745936698,0.4563498542274052,17535,0.4307460837242234,0.2792953058647997,0.3388685813751088,17426,0.3762225809514766,0.32451470226881807,0.3484608619173262,12209,0.39457282170871316,0.397679373360724,0.3872409180234386,0.3812264325066134,47170,0.4000256656003261,0.39457282170871316,0.3850238977330683,47170,1.075052779438901
0.38405414486631784,0.4562874251497006,0.41706630525437866,17535,0.42283758556316114,0.3899345805118788,0.40572008598041553,17426,0.37693581377228014,0.31697927758211153,0.3443673251468233,12209,0.39571761712953146,0.3946091814005864,0.38773376108123037,0.3890512387938725,47170,0.3965394646300678,0.39571761712953146,0.3940580147052749,47170,1.074778031641818
0.38351883326936786,0.3989164528086684,0.3910661374182367,17535,0.41658386327503977,0.4811775507861816,0.4465569579805081,17426,0.3870271498352834,0.2790564337783602,0.3242908814011041,12209,0.39828280686877254,0.3957099487932303,0.38638347912440335,0.387304658933283,47170,0.396642094872762,0.39828280686877254,0.39428267204628353,47170,1.0746728056504482
0.38512344708287466,0.4189905902480753,0.401343821697804,17535,0.416762103071317,0.45942844026167795,0.43705644721039416,17426,0.3847799166948103,0.2799574084691621,0.32410392565901763,12209,0.3979436082255671,0.395555155616334,0.38612547965963845,0.387501398189072,47170,0.3967227910885291,0.3979436082255671,0.39454514290715004,47170,1.0758000221902564
