Increasing_precision,Increasing_recall,Increasing_f1-score,Increasing_support,Decreasing_precision,Decreasing_recall,Decreasing_f1-score,Decreasing_support,Neutral_precision,Neutral_recall,Neutral_f1-score,Neutral_support,accuracy,macro avg_precision,macro avg_recall,macro avg_f1-score,macro avg_support,weighted avg_precision,weighted avg_recall,weighted avg_f1-score,weighted avg_support,loss
0.3911394931151467,0.3312489437214805,0.35871156661786247,5917,0.4170573566084788,0.6504355942750467,0.5082355801373609,6428,0.0,0.0,0.0,2691,0.4084197924980048,0.26939894990787516,0.32722817933217574,0.28898238225174117,15036,0.33221715010917957,0.4084197924980048,0.35843539829747595,15036,1.0490857491467862
0.38979059793120846,0.7833361500760521,0.5205525606469003,5917,0.46740858505564387,0.22868699439950219,0.30711375744280794,6428,0.0,0.0,0.0,2691,0.40602553870710295,0.28573306099561746,0.3373410481585181,0.27588877269656936,15036,0.353211848410258,0.40602553870710295,0.33614237391527524,15036,1.0572063265645757
0.3898177719331204,0.350684468480649,0.36921708185053387,5917,0.43086584989189747,0.6510578718108276,0.5185552320178428,6428,0.0,0.0,0.0,2691,0.4163341314179303,0.27356120727500594,0.3339141134304922,0.29592410462279223,15036,0.33760025536268895,0.4163341314179303,0.3669812785794295,15036,1.0504563092551333
0.40493601462522855,0.3743451073178976,0.3890401334855537,5917,0.4331483614281227,0.6435905413814561,0.5178046185618624,6428,0.4666666666666667,0.002601263470828688,0.005173688100517369,2691,0.42291832934291035,0.4349170142400059,0.3401789707233942,0.3040061467159778,15036,0.4280449631416235,0.42291832934291035,0.3753871343860179,15036,1.0482132074363688
0.4244960060859643,0.18860909244549603,0.2611748186285982,5917,0.4335036255767963,0.8184505289359054,0.5667959491488903,6428,0.2988929889298893,0.030100334448160536,0.054692775151924375,2691,0.4295025272678904,0.38563087353088327,0.34571998527652065,0.294221180976471,15036,0.4058675981929123,0.4295025272678904,0.3548758992343915,15036,1.0520989575918684
0.40480887792848336,0.5548419807334798,0.46809724103514644,5917,0.440500338066261,0.40541381456129433,0.4222294232015554,6428,0.3,0.11259754738015608,0.16373952985679546,2691,0.4118116520351157,0.3817697386649148,0.3576177808916434,0.3513553980311657,15036,0.40130954401388413,0.4118116520351157,0.39401737047015145,15036,1.070377325187338
0.40658299786881363,0.5803616697650836,0.4781730836176286,5917,0.44426377597109307,0.3825451151213441,0.41110089442447545,6428,0.32606635071090045,0.12783351913786697,0.1836625734116391,2691,0.41480446927374304,0.39230437485026903,0.36358010134143154,0.35764551715124776,15036,0.408281703916932,0.41480446927374304,0.39679054736477504,15036,1.0742788394714924
0.40506596306068604,0.6486395132668582,0.49870062370062374,5917,0.43896538890956455,0.36698817672682016,0.3997627520759193,6428,0.32620320855614976,0.022668153102935712,0.0423905489923558,2691,0.41620111731843573,0.39007818684213347,0.34609861436553807,0.3136179749229663,15036,0.4054441113038946,0.41620111731843573,0.3747379308405846,15036,1.0805138932580645
0.4069824618914932,0.41963833023491637,0.4132135130637377,5917,0.4380036079374624,0.5665836963285625,0.49406497999050397,6428,0.29838709677419356,0.06874767744332962,0.1117487163998792,2691,0.41965948390529395,0.3811243888677163,0.35165656800226947,0.33967573648470695,15036,0.40080886514055125,0.41965948390529395,0.39382481005647585,15036,1.077689859239345
0.4058891454965358,0.47524083150245056,0.43783573374854023,5917,0.4426691729323308,0.43963907902924704,0.44114892288479546,6428,0.2842227378190255,0.18208844295800816,0.2219705549263873,2691,0.4075552008512902,0.37759368541596405,0.36565611782990187,0.36698507051990764,15036,0.39983818202866606,0.4075552008512902,0.4006186536446186,15036,1.0934571999184628
0.4074074074074074,0.5428426567517323,0.46547351641185425,5917,0.44848590323703447,0.4009023024268824,0.4233612617052736,6428,0.32574679943101,0.17019695280564845,0.22357822797168658,2691,0.41546953977121576,0.3938800366918173,0.371313970661421,0.37080433536293816,15036,0.41035392743456606,0.41546953977121576,0.40417810576764096,15036,1.0925045155147288
0.4058241285324918,0.478113909075545,0.43901303538175046,5917,0.4387421726109447,0.5014001244555072,0.46798315667199075,6428,0.3198887343532684,0.08547008547008547,0.13489736070381234,2691,0.4177972865123703,0.38815167849890164,0.3549947063337125,0.3472978509191846,15036,0.40451693523640275,0.4177972865123703,0.3969702486761993,15036,1.0875271365680592
0.408978529603123,0.5311813418962312,0.4621379208939862,5917,0.4435952308162641,0.45146235220908526,0.44749421742482653,6428,0.311495673671199,0.09364548494983277,0.144,2691,0.4187948922585794,0.38802314469686205,0.35876305968504973,0.3512107127729376,15036,0.4063308699918742,0.4187948922585794,0.3989403370269022,15036,1.0904122339284166
0.41358115030001463,0.4776068953861754,0.4432941176470588,5917,0.4406463642013673,0.44119477286869946,0.4409203980099503,6428,0.2744765138653084,0.18023039762170198,0.21758636159712877,2691,0.40881883479648845,0.37623467612223016,0.36634402195885896,0.36726695908471263,15036,0.4002561049629636,0.40881883479648845,0.4018843117573478,15036,1.1006185222179332
0.4070472341500379,0.5447017069460875,0.46591976870256596,5917,0.4389714476540324,0.40899191039203486,0.4234517194169284,6428,0.30646589902568644,0.12857673727238944,0.18115183246073296,2691,0.41221069433359936,0.3841615269432522,0.36075678487017065,0.3568411068600758,15036,0.40269398006544405,0.41221069433359936,0.3967993153083886,15036,1.0977845781661095
0.4032772462333663,0.6197397329727903,0.4886075949367089,5917,0.4422817498554635,0.3570317361543248,0.39511061375570283,6428,0.3421750663129973,0.09587513935340022,0.1497822931785196,2691,0.41367384942803936,0.39591135413394235,0.3575488694935051,0.34450016729031047,15036,0.4090164709684772,0.41367384942803936,0.3879972276806039,15036,1.1004418460612602
