Increasing_precision,Increasing_recall,Increasing_f1-score,Increasing_support,Decreasing_precision,Decreasing_recall,Decreasing_f1-score,Decreasing_support,Neutral_precision,Neutral_recall,Neutral_f1-score,Neutral_support,accuracy,macro avg_precision,macro avg_recall,macro avg_f1-score,macro avg_support,weighted avg_precision,weighted avg_recall,weighted avg_f1-score,weighted avg_support,loss
0.36241543971348983,1.0,0.5320189850310332,3643,0.0,0.0,0.0,3202,0.0,0.0,0.0,3207,0.36241543971348983,0.12080514657116327,0.3333333333333333,0.17733966167701107,10052,0.1313449509427222,0.36241543971348983,0.19281189439594648,10052,1.0969348293310512
0.377290631957527,0.6047213834751578,0.4646699008647965,3643,0.0,0.0,0.0,3202,0.36980773795395205,0.4858122856251949,0.4199460916442049,3207,0.3741543971348985,0.24903278997049302,0.3635112230334509,0.29487199750300047,10052,0.2547197759490246,0.3741543971348985,0.30238356195318533,10052,1.0931447574612443
0.3891428571428571,0.37386769146307985,0.3813523729525409,3643,0.3496932515337423,0.017801374141161775,0.03387815750371471,3202,0.3542025356080764,0.7056439039600874,0.47165485619007924,3207,0.36629526462395545,0.3643462147615586,0.3657709898547763,0.295628462215445,10052,0.3654290441382384,0.36629526462395545,0.2994768880615385,10052,1.0932064079157209
0.38267910579123393,0.5967609113368103,0.46632346632346633,3643,0.42857142857142855,0.0018738288569643974,0.0037313432835820895,3202,0.38397980261647924,0.5216713439351419,0.44235854045478584,3207,0.3833068046159968,0.39841011232638057,0.3734353613763055,0.30413778335394476,10052,0.39771278588084247,0.3833068046159968,0.3113219248158492,10052,1.0890728730290489
0.3935483870967742,0.3348888278891024,0.3618567403232982,3643,0.3490049033746755,0.3778888194878201,0.36287299445194177,3202,0.3942611190817791,0.4284377923292797,0.41063956963538556,3207,0.37843215280541187,0.37893813651774294,0.3804051465687341,0.3784564348035418,10052,0.3795867373353089,0.37843215280541187,0.37774418355089284,10052,1.0920713422975563
0.3805721889554225,0.47104035135877026,0.42100098135426894,3643,0.34807149576669805,0.231105559025609,0.27777777777777773,3202,0.3942054433713784,0.4200187090739008,0.40670289855072467,3207,0.3783326701153999,0.37428304269783297,0.37405487315276,0.3684938858942571,10052,0.37456886895160985,0.3783326701153999,0.37081647584264027,10052,1.0979451116533059
0.39858314690529456,0.29343947296184464,0.33802371541501974,3643,0.35518538420204193,0.41286695815115554,0.3818601964182553,3202,0.3939144736842105,0.44808231992516373,0.4192560175054705,3207,0.38081973736569835,0.3825610015971823,0.38479625034605464,0.3797133097795819,10052,0.38326957038362414,0.38081973736569835,0.3779039785443906,10052,1.1009595258518543
0.38209466695223815,0.4897062860279989,0.42925890279114537,3643,0.35346153846153844,0.2870081199250468,0.31678731471906235,3202,0.4006467840459935,0.34767695665731213,0.3722871452420701,3207,0.379824910465579,0.37873432981992333,0.3747971208701193,0.3727777875840926,10052,0.37889265363075514,0.379824910465579,0.3752554754665638,10052,1.1077808000876397
0.38393543428132204,0.5484490804282185,0.4516785350966429,3643,0.365049458313707,0.2420362273579013,0.2910798122065728,3202,0.4095412844036697,0.3479887745556595,0.37626432906271073,3207,0.38688818145642656,0.3861753923328996,0.37949136078059315,0.37300755878864217,10052,0.3860887437017424,0.38688818145642656,0.37646062130388275,10052,1.114842313001719
0.3908551329962629,0.4880592917924787,0.43408203125,3643,0.375,0.2576514678326046,0.30544242873009997,3202,0.3978201634877384,0.4097287184284378,0.4036866359447004,3207,0.38967369677676084,0.38789176549466714,0.385146492684507,0.38107036530826677,10052,0.38802671247618015,0.38967369677676084,0.3834073356657565,10052,1.1213814394286254
