Increasing_precision,Increasing_recall,Increasing_f1-score,Increasing_support,Decreasing_precision,Decreasing_recall,Decreasing_f1-score,Decreasing_support,Neutral_precision,Neutral_recall,Neutral_f1-score,Neutral_support,accuracy,macro avg_precision,macro avg_recall,macro avg_f1-score,macro avg_support,weighted avg_precision,weighted avg_recall,weighted avg_f1-score,weighted avg_support,loss
0.3710926297677086,0.33384932920536636,0.3514871655575173,7752,0.41150484068051507,0.5739381227058207,0.47933431871681176,7628,0.3758184199039721,0.1903183023872679,0.2526779163609684,4524,0.39323754019292606,0.3861386301173986,0.3660352514328183,0.3611664668784325,19904,0.3876543168366065,0.39323754019292606,0.378024798241094,19904,1.0645062742796743
0.39508722352046083,0.9378224974200207,0.5559591633846978,7752,0.0,0.0,0.0,7628,0.4045242847638057,0.134394341290893,0.2017587522814003,4524,0.3957998392282958,0.26653716942808886,0.35740561290363787,0.252572638555366,19904,0.2458191328879657,0.3957998392282958,0.2623870593789807,19904,1.0632130134958546
0.37424188369603995,0.27063983488132093,0.314118880071867,7752,0.4199606363785468,0.6713424226533823,0.5166986176975078,7628,0.4082699619771863,0.1898762157382847,0.2592033796016898,4524,0.4058480707395498,0.4008241606839244,0.37728615775766267,0.36334029245702154,19904,0.39949739372447984,0.4058480707395498,0.3792736486852767,19904,1.0612601002265019
0.37601330284764084,0.233359133126935,0.28798853776964106,7752,0.4168390896068757,0.6866806502359727,0.518767950876498,7628,0.40166204986149584,0.22435897435897437,0.2879024251879166,4524,0.4050442122186495,0.3981714807720041,0.3814662525739607,0.3648863046113519,19904,0.3974890882621366,0.4050442122186495,0.37641276354633835,19904,1.060853809094314
0.39752453166815344,0.9197626418988648,0.5551230146371847,7752,0.0,0.0,0.0,7628,0.40802845528455284,0.17749778956675508,0.24738139248305607,4524,0.3985631028938907,0.26851766231756874,0.3657534771552066,0.26750146904008026,19904,0.24756485637052064,0.3985631028938907,0.27243102035072353,19904,1.0618054774317327
0.37416258374162586,0.4827141382868937,0.4215625528079761,7752,0.43088057901085647,0.46827477713686416,0.44880010051514013,7628,0.4184748915065096,0.14920424403183025,0.21997718755092063,4524,0.4013766077170418,0.40783935141966393,0.36673105315186266,0.36344661362467895,19904,0.40597095131809413,0.4013766077170418,0.3861825197235372,19904,1.0621315292846352
0.3968759961746892,0.6424148606811145,0.49064039408867005,7752,0.4568674698795181,0.248557944415312,0.3219561895058584,7628,0.3783530879600749,0.2681255526083112,0.3138421733505822,4524,0.4064007234726688,0.4106988513380941,0.3863661192349126,0.3754795856483702,19904,0.41565701128007104,0.4064007234726688,0.3858092916380673,19904,1.0625423866165413
0.39704722190916264,0.45446336429308565,0.42381954887218043,7752,0.4354089772591975,0.47941793392763504,0.4563549011043863,7628,0.3890577507598784,0.22634836427939875,0.28619340413638905,4524,0.4121784565916399,0.4071713166427462,0.38674322083337315,0.38878928470431856,19904,0.40993302889925026,0.4121784565916399,0.4050071989948968,19904,1.0621383922755527
0.3988930618699348,0.5206398348813209,0.45170677112479013,7752,0.44284404871022653,0.44336654431043526,0.44310514248280375,7628,0.39879013494648674,0.1894341290893015,0.2568559868125281,4524,0.41574557877813506,0.413509081842216,0.38448016942701924,0.3838893001400406,19904,0.41571342391857163,0.41574557877813506,0.4041224578455625,19904,1.061337589930108
0.38166643089545904,0.3480392156862745,0.36407799743607044,7752,0.42092504605837294,0.5690875721027793,0.48391951396243243,7628,0.39333862014274384,0.21927497789566755,0.28157820039738857,4524,0.4034867363344051,0.3986433656988586,0.3788005885615738,0.3765252372652972,19904,0.39936486842647917,0.4034867363344051,0.39125454517823743,19904,1.0626657069975156
0.40238146320532076,0.483875128998968,0.43938151575494905,7752,0.43994869402985076,0.49462506554798114,0.4656874845717107,7628,0.405284147557328,0.1797082228116711,0.24900459418070445,4524,0.4188605305466238,0.41587143493083323,0.38606947245287343,0.3846911981691214,19904,0.41743846585493877,0.4188605305466238,0.4061920431329824,19904,1.0615678946592417
0.40146077320236745,0.41124871001031993,0.40629580067546045,7752,0.42985842985842987,0.5692186680650236,0.48981894071859666,7628,0.40762620837808805,0.16777188328912468,0.2377074851237081,4524,0.4164489549839228,0.4129818038129618,0.38274642045482277,0.37794074217258844,19904,0.41374522626242594,0.4164489549839228,0.39998656497876206,19904,1.0625812250078683
0.4114146030396429,0.49935500515995873,0.45113921100168985,7752,0.44563904324716114,0.4836130047194546,0.4638501194517792,7628,0.40640505187189896,0.19916003536693191,0.2673193888147159,4524,0.4250904340836013,0.42115289938623435,0.3940426817487817,0.3941029064227283,19904,0.42339213621991195,0.4250904340836013,0.41422994322051077,19904,1.0609280650542863
0.41246534551802033,0.5181888544891641,0.4593219369961694,7752,0.4537968892955169,0.4551651809124279,0.4544800052359448,7628,0.3850437549721559,0.21396993810786913,0.27507814720090934,4524,0.4248894694533762,0.4171019965952311,0.3957746578364871,0.3962933631443412,19904,0.4220725471008807,0.4248894694533762,0.41558936261409796,19904,1.0629062595331018
0.41491908455424686,0.5589525283797729,0.47628469359714204,7752,0.457104736490994,0.4491347666491872,0.45308470541559215,7628,0.4104781281790437,0.1783819628647215,0.24869029275808935,4524,0.4303657556270096,0.4275006497414282,0.39548975263122715,0.39268656392360785,19904,0.43007690541096344,0.4303657556270096,0.41566338234087513,19904,1.0609319933788952
0.4168816807961666,0.5835913312693498,0.486347022145775,7752,0.4625,0.3880440482433141,0.42201311662389507,7628,0.3815987933634992,0.22369584438549955,0.28205128205128205,4524,0.42684887459807075,0.4203268247198886,0.3984437412993878,0.3968038069403173,19904,0.4263449422582574,0.42684887459807075,0.41525714274925235,19904,1.064017598388471
0.4230118443316413,0.5159958720330238,0.4649000464900047,7752,0.4491462509279881,0.47587834294703724,0.46212603437301086,7628,0.3994082840236686,0.20888594164456234,0.274310595065312,4524,0.43081792604501606,0.42385545976109934,0.4002533855415411,0.4004455586427758,19904,0.42766270580087684,0.43081792604501606,0.42051766894409737,19904,1.0617072770545721
0.4378266850068776,0.41060371517027866,0.42377845826121685,7752,0.4380501015572106,0.5937336130047195,0.5041464907886681,7628,0.39651416122004357,0.20114942528735633,0.2669013051767121,4524,0.43317926045016075,0.4241303159280439,0.4018289178207848,0.39827541807553235,19904,0.42852234235385833,0.43317926045016075,0.4189219023711997,19904,1.0638188244205962
0.43337612323491653,0.43550051599587203,0.4344357225582293,7752,0.43547453703703703,0.5918982695332984,0.5017781729273172,7628,0.4261168384879725,0.16445623342175067,0.23732057416267943,4524,0.4338323954983923,0.43165583291997534,0.3972850063169737,0.39117815654940863,19904,0.4325303483297418,0.4338323954983923,0.41544151436258697,19904,1.0604575809175179
0.4397934221255776,0.41744066047471623,0.42832561217736603,7752,0.4350441812370746,0.6067121132669113,0.5067338224022774,7628,0.41561844863731656,0.1752873563218391,0.24657960199004977,4524,0.43493770096463025,0.43015201733332287,0.39981337668782224,0.3938796788565644,19904,0.43247857136400236,0.43493770096463025,0.4170655075505676,19904,1.0637659120262628
