Increasing_precision,Increasing_recall,Increasing_f1-score,Increasing_support,Decreasing_precision,Decreasing_recall,Decreasing_f1-score,Decreasing_support,Neutral_precision,Neutral_recall,Neutral_f1-score,Neutral_support,accuracy,macro avg_precision,macro avg_recall,macro avg_f1-score,macro avg_support,weighted avg_precision,weighted avg_recall,weighted avg_f1-score,weighted avg_support,loss
0.39352221335461557,1.0,0.564787858540543,5917,0.0,0.0,0.0,6428,0.0,0.0,0.0,2691,0.39352221335461557,0.1311740711182052,0.3333333333333333,0.18826261951351433,15036,0.15485973240351558,0.39352221335461557,0.22225656816868802,15036,1.063893870755713
0.39352221335461557,1.0,0.564787858540543,5917,0.0,0.0,0.0,6428,0.0,0.0,0.0,2691,0.39352221335461557,0.1311740711182052,0.3333333333333333,0.18826261951351433,15036,0.15485973240351558,0.39352221335461557,0.22225656816868802,15036,1.0545315603309489
0.39289112409949706,0.9770153794152442,0.5604187872618874,5917,0.4409937888198758,0.02209085252022402,0.042074074074074076,6428,0.0,0.0,0.0,2691,0.3939212556530992,0.2779616376397909,0.33303541064515607,0.20083095377865381,15036,0.34313945569505755,0.3939212556530992,0.2385242160399532,15036,1.0516299252814434
0.39066632539885676,0.7738718945411526,0.5192198661979815,5917,0.4530920060331825,0.23366521468574986,0.30832392486913685,6428,0.0,0.0,0.0,2691,0.4044293695131684,0.2812527771440131,0.3358457030756341,0.27584793035570615,15036,0.34743602435264254,0.4044293695131684,0.3361352844740801,15036,1.0498026527622912
0.3897384473970084,0.7882372824066249,0.5215835383583091,5917,0.4551971326164875,0.21733042937149968,0.2941981678424766,6428,0.0,0.0,0.0,2691,0.40309922851822294,0.28164519333783194,0.33518923725937483,0.2719272354002619,15036,0.34797084076262835,0.40309922851822294,0.3310265775044928,15036,1.0485032481716035
0.3862395340371314,0.5379415244211594,0.4496397796298912,5917,0.4451802796173657,0.47059738643434973,0.4575361113211828,6428,0.0,0.0,0.0,2691,0.4128757648310721,0.2771399378848324,0.3361796369518364,0.30239196365035803,15036,0.3423116626947415,0.4128757648310721,0.3725432761135029,15036,1.047577574975947
0.36921487603305786,0.30201115430116615,0.3322487682439342,5917,0.4440957238132601,0.7044181705040448,0.5447545717035611,6428,0.0,0.0,0.0,2691,0.41999201915403034,0.27110353328210596,0.335476441601737,0.2923344466491651,15036,0.3351484260547512,0.41999201915403034,0.3636338353691041,15036,1.0468900387591504
0.38161898965307367,0.42386344431299644,0.4016334374249339,5917,0.4457703213610586,0.5869632856253889,0.5067150147730325,6428,0.0,0.0,0.0,2691,0.41773077946262305,0.27579643700471074,0.3369422433127951,0.3027828173993221,15036,0.3407456230038655,0.41773077946262305,0.37467605508143037,15036,1.0473479209745185
0.38617219122634283,0.5965861078249113,0.4688537654402975,5917,0.44749787955894826,0.410392034847542,0.4281424977684006,6428,0.0,0.0,0.0,2691,0.41021548284118114,0.277890023595097,0.33565938089081776,0.29899875440289936,15036,0.34327595273285383,0.41021548284118114,0.3675384215060867,15036,1.048418102524382
0.39730442426018164,0.45834037519013016,0.4256454524052421,5917,0.4242387332521316,0.5418481642812695,0.475884683699959,6428,0.0,0.0,0.0,2691,0.41201117318435754,0.27384771917077105,0.3333961798237999,0.30051004536840037,15036,0.3377132785110532,0.41201117318435754,0.37094512428206666,15036,1.0482189592845896
0.3983243148891604,0.38566841304715227,0.39189421260518637,5917,0.4249489631460191,0.6152769135034225,0.5027009850651414,6428,0.0,0.0,0.0,2691,0.41480446927374304,0.2744244260117265,0.3336484421835249,0.29819839922344255,15036,0.338418256604268,0.41480446927374304,0.3691274267081416,15036,1.048223400496422
0.39365951073389915,0.5330403920905864,0.452868116878455,5917,0.42753416856492027,0.4671748599875544,0.4464763603925067,6428,0.0,0.0,0.0,2691,0.40948390529396117,0.27373122643293984,0.33340508402604696,0.29978149242365393,15036,0.3376877467775864,0.40948390529396117,0.36908557410034926,15036,1.0500117963615885
0.39437777412460956,0.4054419469325672,0.3998333333333333,5917,0.4292415949960907,0.5978531425015557,0.49970743124634287,6428,0.0,0.0,0.0,2691,0.41513700452247937,0.27453978970690013,0.33443169647804094,0.29984692152655873,15036,0.3387003366673441,0.41513700452247937,0.3709718809114675,15036,1.0494946060345527
0.3897117694155324,0.6581037688017577,0.4895342259098623,5917,0.4425059476605868,0.3472308649657747,0.3891213389121339,6428,0.0,0.0,0.0,2691,0.4074221867517957,0.27740590569203977,0.33511154458917747,0.29288518827399873,15036,0.342534767969803,0.4074221867517957,0.35899481120217164,15036,1.051181986071962
0.39291090734911727,0.4852121007267196,0.4342105263157895,5917,0.4296804243757278,0.5166459240821406,0.4691671964399238,6428,0.0,0.0,0.0,2691,0.4118116520351157,0.27419711057494833,0.3339526749362867,0.3011259075852378,15036,0.3383106947773281,0.4118116520351157,0.37144389617759754,15036,1.0509635611417445
0.3918645049218298,0.4574953523745141,0.42214424951267054,5917,0.4263041338582677,0.5390479153702551,0.47609233305853255,6428,0.0,0.0,0.0,2691,0.4104815110401703,0.27272287959336583,0.3321810892482564,0.29941219419040105,15036,0.33645552328168477,0.4104815110401703,0.3696560947902846,15036,1.0503583952467492
0.3923110528615116,0.45529829305391245,0.4214643304130163,5917,0.42514383645489046,0.540292470441817,0.4758512023018428,6428,0.0,0.0,0.0,2691,0.4101489757914339,0.2724849631054673,0.33186358783190983,0.2991051775716197,15036,0.33613521418685816,0.4101489757914339,0.3692854463587433,15036,1.05055022639163
0.38630616611554175,0.3356430623626838,0.35919696147585456,5917,0.43173319858514403,0.6645924082140635,0.5234331924278626,6428,0.0,0.0,0.0,2691,0.41620111731843573,0.2726797882335619,0.33341182352558246,0.29421005130123906,15036,0.3365891583806176,0.41620111731843573,0.3651235023928526,15036,1.0499617954517932
0.39398572884811417,0.5225621091769478,0.44925535779150017,5917,0.43363939899833054,0.48490976975731176,0.4578437132784959,6428,0.0,0.0,0.0,2691,0.4129422718808194,0.27587504261548157,0.3358239596447532,0.302366357023332,15036,0.3404261515267066,0.4129422718808194,0.3725234996678956,15036,1.0504285308274817
0.3933509398788255,0.4279195538279534,0.4099077221952404,5917,0.43192925296718643,0.5774735532047293,0.4942084942084943,6428,0.6,0.0011148272017837235,0.002225519287833828,2691,0.41546953977121576,0.4750933976153373,0.33550264474482216,0.3021139118971895,15036,0.4468275305490878,0.41546953977121576,0.372983843136805,15036,1.0500332248020678
0.393634610085423,0.48284603684299476,0.43370018975332064,5917,0.4341664519453749,0.5242688238954574,0.4749823819591261,6428,0.25,0.0014864362690449647,0.0029553010712966383,2691,0.4144054269752594,0.3592670206769326,0.33620043233583236,0.30387929092791444,15036,0.38525591520220254,0.4144054269752594,0.3742580133803219,15036,1.0503662230486566
0.39464931308749096,0.4612134527632246,0.42534289276807974,5917,0.4311155082859263,0.5423148724331052,0.4803637866887144,6428,0.3142857142857143,0.004087699739873653,0.008070432868672046,2691,0.414072891726523,0.3800168452197105,0.3358720083120678,0.3045923707751554,15036,0.3958561671949638,0.414072891726523,0.3741852788104137,15036,1.050975965375596
0.39494307260091677,0.45141118810207875,0.42129337539432177,5917,0.43639447540586385,0.560360920970753,0.4906688462062389,6428,0.3684210526315789,0.002601263470828688,0.005166051660516605,2691,0.4176642724128758,0.39991953354611987,0.3381244575145535,0.30570942442035914,15036,0.40791719214685396,0.4176642724128758,0.3764773936313086,15036,1.0500584213340536
0.39963503649635035,0.5181679905357445,0.45124733240120685,5917,0.4378238341968912,0.4995332918481643,0.466647289638134,6428,0.3333333333333333,0.0037160906726124115,0.00735023888276369,2691,0.4181298217611067,0.39026406800885827,0.3404724576855071,0.30841495364070154,15036,0.4040949798594388,0.4181298217611067,0.37838645493784134,15036,1.050922311810737
0.3965783664459161,0.6072333953016732,0.47980236362422385,5917,0.43941186412033123,0.4044803982576229,0.42122316727420006,6428,0.288135593220339,0.0063173541434411,0.012363636363636365,2691,0.41300877893056664,0.3747086079288621,0.33934371590091245,0.30446305575402005,15036,0.39548194587535956,0.41300877893056664,0.3711015995116811,15036,1.0520329239837667
0.400036886757654,0.36657089741423016,0.38257341917276655,5917,0.4329031581156227,0.6418792781580585,0.5170750046995426,6428,0.21686746987951808,0.006688963210702341,0.012977649603460708,2691,0.41985900505453577,0.3499358382509316,0.3383797129276636,0.30420869115858995,15036,0.38130554141780026,0.41985900505453577,0.37392710205751745,15036,1.0503771021962165
0.396532184950136,0.5913469663680919,0.47473034393867447,5917,0.44662273476112024,0.42174859987554447,0.4338294127060329,6428,0.2535211267605634,0.013377926421404682,0.025414754677020826,2691,0.4154030327214685,0.3655586821572732,0.342157830888347,0.31132483710724274,15036,0.39235150502175525,0.4154030327214685,0.3768306740353405,15036,1.0528714486259094
0.4015304974116588,0.6030082812235931,0.48206444639600077,5917,0.4410796576695194,0.4169259489732421,0.42866282789507354,6428,0.24324324324324326,0.006688963210702341,0.01301989150090416,2691,0.41673317371641394,0.3619511327748071,0.3422077311358458,0.3079157219306595,15036,0.39010930834344393,0.41673317371641394,0.37528973896405976,15036,1.0529238829587368
0.3993897542958086,0.4203143484874092,0.4095849802371542,5917,0.43717668697551443,0.5916303671437461,0.5028095458451776,6428,0.2727272727272727,0.011148272017837236,0.021420921099607283,2691,0.42032455440276667,0.3697645713328652,0.3410309958829975,0.311271815727313,15036,0.3928751004892257,0.42032455440276667,0.3799692596059514,15036,1.0513826394968844
0.40040693938744915,0.631908061517661,0.4901999344477221,5917,0.4425663395129044,0.3788114499066584,0.40821458507963115,6428,0.2857142857142857,0.020810107766629504,0.038794596466920676,2691,0.4143389199255121,0.37622918820487977,0.3438432063969829,0.31240303866475794,15036,0.3979037931365808,0.4143389199255121,0.37436237191483934,15036,1.055675433354175
0.39978840954508055,0.5747845191820179,0.47157515252357185,5917,0.44637545013308283,0.44352831362787803,0.44494732735076087,6428,0.28169014084507044,0.014864362690449646,0.028238616307800914,2691,0.418462357009843,0.3759513335077446,0.3443923985001152,0.31492036539404455,15036,0.39856860745861816,0.418462357009843,0.38084741381863246,15036,1.0544265825697716
0.4000424899086467,0.6364711847219875,0.49129215315374075,5917,0.45223633351739373,0.38223397635345363,0.41429896298794366,6428,0.3439153439153439,0.024154589371980676,0.04513888888888889,2691,0.41819632881085395,0.39873138911379474,0.34761991681580734,0.31691000167685773,15036,0.4123106381428212,0.41819632881085395,0.37852874130734143,15036,1.0557924499854128
